0
8
10
11
15
17
18
21
27
30
37
39
40
43
44
47
48
49
50
52
53
54
55
56
57
58
59
60
61
62
63
64
65
66
67
68
69
70
71
72
73
74
75
76
77
80
83
84
85
86
87
88
89
90
91
92
93
94
95
96
97
98
99
100
101
102
103
104
105
106
107
108
109
110
111
112
113
114
115
116
117
118
119
120
121
122
123
124
125
126
127
128
129
130
131
132
133
134
135
136
137
138
140
159
162
164
198
200
201
202
204
206
207
208
209
219
221
222
224
228
229
230
237
241
244
246
248
250
252
262
263
264
265
266
268
270
274
275
276
278
279
281
282
284
285
286
289
291
292
294
295
296
300
301
302
303
304
306
309
310
311
312
315
316
317
318
319
320
321
322
323
324
325
327
328
329
330
331
334
335
336
337
338
339
340
341
342
343
344
346
347
352
353
355
356
357
359
360
361
364
365
371
372
375
376
377
378
379
380
383
385
386
388
389
390
391
393
394
395
396
398
401
402
403
405
406
407
410
411
412
413
414
415
416
418
420
421
423
425
426
427
428
429
430
431
432
433
434
435
436
437
438
439
440
441
442
443
444
445
466
469
478
479
480
489
499
500
501
502
504
505
506
507
508
514
516
517
519
522
529
530
531
532
533
534
535
536
537
538
540
541
542
543
544
547
548
549
551
552
553
554
555
557
558
559
560
561
562
563
564
565
568
570
571
572
573
574
575
576
577
583
584
585
586
587
588
590
591
592
593
595
597
598
599
600
601
602
603
604
605
607
609
610
611
612
614
615
616
617
618
623
624
625
626
627
628
631
632
633
634
635
636
637
638
640
642
643
648
649
650
651
653
670
673
676
677
678
679
680
682
685
686
689
696
698
700
701
703
704
707
712
713
714
715
716
719
720
723
729
732
734
736
741
742
744
745
746
748
750
751
752
755
759
760
762
763
764
765
767
768
769
772
775
776
777
780
784
785
789
790
793
795
797
799
803
804
805
809
812
813
815
816
817
818
820
825
826
830
831
834
836
837
838
840
841
843
844
845
846
847
850
852
853
854
855
856
857
858
859
860
862
863
864
866
867
869
870
873
877
878
879
880
883
899
900
901
902
903
904
905
908
909
910
911
917
919
920
921
922
924
925
926
930
932
933
934
935
936
937
938
939
941
942
943
944
945
946
948
949
952
955
956
957
962
964
968
971
972
973
974
976
977
978
989
990
993
994
995
996
997
1000
1002
1004
1005
1006
1007
1008
1009
1011
1012
1013
1016
1019
1020
1021
1025
1026
1029
1030
1031
1033
1035
1036
1037
1038
1039
1040
1041
1042
1043
1044
1045
1051
1052
1053
1054
1055
1057
1058
1059
1061
1062
1063
1064
1065
1066
1073
1074
1080
1087
1088
1091
1094
1095
1096
1097
1103
1107
1109
1112
1114
1116
1117
1118
1120
1122
1126
1127
1128
1129
1134
1158
1159
1165
1166
1172
1183
1188
1194
1195
1196
1197
1198
1199
1202
1222
1223
1224
1227
1228
1231
1238
1257
1258
1260
1261
1262
1264
1265
1266
1268
1271
1273
1274
1282
1283
1284
1285
1286
1288
1289
1290
1291
1292
1299
1300
1304
1307
1310
1316
1322
1325
1328
1331
1334
1335
1336
1337
1340
1341
1342
1343
1344
1345
1346
1347
1348
1349
1350
1352
1357
1359
1360
1362
1363
1364
1365
1366
1367
1368
1374
1380
1381
1383
1387
1389
1391
1403
1405
1416
1418
1419
1420
1432
1433
1436
1437
1438
1469
1470
1472
1478
1479
1480
1494
1502
1511
1513
1522
1523
1524
1526
1530
1538
1540
1541
1549
1552
1554
1561
1563
1572
1573
1575
1577
1583
1584
1585
1587
1590
1597
1599
1601
1602
1603
1605
1607
1609
1614
1616
1620
1621
1624
1625
1634
1636
1637
1639
1640
1642
1644
1646
1647
1650
1651
1652
1653
1654
1655
1656
1657
1658
1659
1660
1661
1662
1663
1664
1665
1667
1668
1669
1670
1671
1673
1674
1675
1676
1677
1679
1680
1681
1682
1683
1684
1685
1691
1692
1693
1696
1697
1698
1699
1700
1701
1702
1704
1711
1716
1720
1722
1723
1724
1725
1726
1727
1728
1729
1730
1731
1732
1733
1734
1735
1736
1737
1738
1740
1741
1742
1743
1744
1745
1746
1747
1748
1749
1750
1751
1753
1754
1756
1758
1759
1760
1763
1764
1765
1766
1767
1768
1769
1770
1772
1773
1774
1776
1777
1778
1781
1782
1783
1786
1787
1788
1789
1793
1794
1795
1796
1797
1798
1802
1803
1806
1807
1808
1809
1810
1811
1812
1813
1814
1815
1816
1817
1818
1821
1822
1823
1825
1827
1831
1832
1833
1834
1835
1838
1842
1846
1849
1852
1860
1866
1867
1870
1874
1887
1891
1893
1905
1906
1909
1912
1913
1919
1921
1932
1935
1948
1949
1951
1954
1955
1956
1957
1958
1959
1960
1963
1964
1966
1969
1972
1973
1974
1975
1976
1977
1978
1979
1982
1984
1987
1989
1990
1991
1992
1993
1994
1996
1997
2001
2002
2003
2004
2006
2007
2008
2009
2010
2011
2012
2013
2014
2016
2017
2018
2019
2021
2024
2025
2026
2027
2028
2029
2030
2031
2032
2033
2034
2035
2036
2037
2038
2039
2040
2041
2042
2043
2045
2046
2048
2049
2050
2051
2052
2053
2054
2055
2056
2057
2058
2059
2060
2061
2068
2069
2070
2071
2072
2077
