0
15
17
18
37
43
44
47
48
49
52
53
54
55
56
57
58
59
60
61
62
63
64
65
66
67
68
69
70
71
72
73
74
75
76
77
80
83
84
85
86
87
88
89
90
91
92
93
94
95
96
97
98
99
100
101
102
103
104
105
106
107
108
109
110
111
112
113
114
115
116
117
118
119
120
121
122
123
124
125
126
127
128
129
130
131
132
133
134
135
136
137
138
200
201
202
204
207
208
209
222
224
228
230
237
250
252
262
263
264
265
266
270
274
278
279
282
284
286
291
292
294
295
296
301
302
303
304
306
309
310
311
312
315
316
317
318
319
322
324
327
328
329
330
331
335
339
340
342
346
347
352
353
355
359
360
361
377
378
383
385
386
388
389
390
391
402
407
410
411
413
414
416
421
425
427
428
429
430
431
436
437
438
439
466
469
478
479
502
506
507
508
514
516
517
522
529
530
531
532
533
534
537
538
540
541
542
543
544
547
548
549
551
552
553
554
555
557
558
559
560
561
562
563
564
570
571
572
573
574
575
576
583
584
585
586
588
590
591
592
593
597
599
600
601
602
603
605
609
610
611
612
614
615
616
617
618
623
624
634
635
636
637
640
643
648
649
670
673
676
679
680
682
685
686
689
696
701
703
704
707
712
713
715
716
719
720
723
729
741
750
751
752
755
759
760
763
764
765
767
768
769
772
775
776
777
780
784
785
789
793
795
797
805
809
812
813
816
817
818
826
830
831
834
836
837
838
841
843
844
845
846
847
850
852
853
854
855
856
857
858
859
860
862
863
864
866
867
870
878
879
883
899
901
902
903
904
905
908
917
920
921
922
924
925
926
930
932
933
936
941
943
945
946
950
956
957
964
968
971
972
974
977
989
994
996
997
1004
1005
1006
1007
1011
1012
1013
1019
1020
1021
1025
1026
1029
1030
1031
1033
1035
1036
1037
1038
1039
1041
1042
1043
1051
1052
1053
1054
1055
1057
1059
1061
1062
1064
1065
1091
1094
1095
1097
1107
1109
1112
1114
1116
1120
1122
1126
1127
1128
1129
1159
1172
1188
1194
1195
1196
1197
1198
1199
1228
1238
1257
1258
1260
1268
1273
1282
1283
1285
1286
1288
1289
1290
1291
1292
1299
1310
1325
1328
1331
1336
1337
1341
1342
1343
1345
1347
1348
1349
1350
1362
1365
1366
1367
1368
1374
1416
1433
1437
1470
1472
1480
1513
1523
1524
1526
1538
1549
1552
1554
1561
1573
1575
1582
1584
1587
1590
1597
1599
1601
1602
1603
1605
1607
1609
1614
1616
1620
1621
1625
1634
1636
1637
1642
1644
1646
1650
1652
1653
1654
1655
1656
1657
1658
1659
1661
1662
1663
1664
1665
1667
1668
1669
1670
1671
1673
1674
1676
1677
1679
1680
1682
1683
1685
1691
1692
1693
1699
1700
1701
1702
1704
1711
1720
1722
1723
1724
1725
1726
1727
1728
1729
1730
1731
1732
1733
1734
1735
1736
1737
1741
1742
1743
1744
1745
1746
1749
1750
1751
1753
1754
1756
1760
1764
1766
1767
1768
1769
1772
1773
1774
1781
1788
1789
1793
1794
1795
1796
1803
1806
1807
1808
1809
1810
1811
1812
1813
1814
1816
1817
1818
1822
1823
1825
1827
1832
1833
1834
1835
1838
1846
1852
1860
1866
1867
1870
1874
1887
1891
1905
1909
1912
1913
1919
1948
1949
1951
1954
1955
1956
1957
1959
1960
1964
1966
1969
1972
1973
1974
1975
1976
1977
1978
1982
1984
1987
1990
1991
1992
1993
1996
1997
2001
2002
2003
2004
2006
2007
2008
2009
2010
2011
2012
2013
2014
2016
2019
2021
2024
2025
2026
2027
2028
2029
2030
2031
2032
2033
2034
2035
2036
2037
2038
2039
2040
2041
2043
2044
2045
2048
2050
2051
2052
2053
2054
2055
2056
2057
2058
2059
2060
2068
2069
2070
2077
