Iteration	Tabularasa	ExpertBootstrappingLearning	ExploratoryImitation	Error-tabularasa	Error-ExpertBootstrappingLearning	Error-ExploratoryImitation
1	0.292127921	0.299507995	0.295817958	0.011280731	0.011362637	0.011322128
2	0.538745387	0.576260763	0.566420664	0.012366177	0.012258355	0.012293545
3	0.550430504	0.574415744	0.57195572	0.012340222	0.012265331	0.01227436
4	0.557810578	0.578105781	0.570725707	0.012320288	0.012251204	0.012278759
5	0.557195572	0.58302583	0.570725707	0.012322054	0.012231277	0.012278759
6	0.557810578	0.581180812	0.575645756	0.012320288	0.012238896	0.012260699
7	0.558425584	0.578720787	0.578720787	0.012318503	0.012248781	0.012248781
8	0.559655597	0.5799508	0.57503075	0.012314874	0.012243877	0.012263025
9	0.561500615	0.582410824	0.574415744	0.012309288	0.012233836	0.012265331
10	0.557810578	0.581795818	0.576260763	0.012320288	0.012236376	0.012258355
11	0.562115621	0.57503075	0.573800738	0.012307387	0.012263025	0.012267617
12	0.559655597	0.574415744	0.57503075	0.012314874	0.012265331	0.012263025
13	0.56396064	0.580565806	0.575645756	0.012301571	0.012241396	0.012260699
14	0.561500615	0.576260763	0.57195572	0.012309288	0.012258355	0.01227436
15	0.56396064	0.583640836	0.57195572	0.012301571	0.012228698	0.01227436
16	0.560885609	0.581180812	0.57503075	0.012311169	0.012238896	0.012263025
17	0.564575646	0.581795818	0.572570726	0.012299593	0.012236376	0.012272132
18	0.559655597	0.58302583	0.573800738	0.012314874	0.012231277	0.012267617
19	0.563345633	0.576875769	0.581180812	0.012303529	0.01225599	0.012238896
20	0.555350554	0.578105781	0.576260763	0.012327239	0.012251204	0.012258355
21	0.558425584	0.581180812	0.58302583	0.012318503	0.012238896	0.012231277
22	0.563345633	0.583640836	0.5799508	0.012303529	0.012228698	0.012243877
23	0.56396064	0.580565806	0.5799508	0.012301571	0.012241396	0.012243877
24	0.56396064	0.581180812	0.576260763	0.012301571	0.012238896	0.012258355
25	0.559655597	0.581795818	0.574415744	0.012314874	0.012236376	0.012265331
26	0.563345633	0.584255843	0.579335793	0.012303529	0.0122261	0.012246339
27	0.564575646	0.5799508	0.57503075	0.012299593	0.012243877	0.012263025
28	0.564575646	0.578105781	0.581795818	0.012299593	0.012251204	0.012236376
29	0.562730627	0.579335793	0.573185732	0.012305468	0.012246339	0.012269884
30	0.561500615	0.582410824	0.573185732	0.012309288	0.012233836	0.012269884