Iteration	Tabularasa	ExpertBootstrappingLearning	ExploratoryImitation	Error-tabularasa	Error-ExpertBootstrappingLearning	Error-ExploratoryImitation
1	0.737262132	0.725469779	0.732967543	0.013725947	0.013494388	0.013601555
2	0.974217532	0.975774867	0.995368185	0.009543633	0.008814499	0.008544841
3	0.973230153	0.976385776	0.996024988	0.007835422	0.007950529	0.008023613
4	0.974728634	0.973024258	0.990266984	0.008672801	0.007547389	0.007803795
5	0.981956209	0.975150772	0.994383295	0.009767126	0.007064017	0.008225123
6	0.976233133	0.971032631	0.990672359	0.009005179	0.006849646	0.007955895
7	0.97260336	0.965709865	0.997538858	0.008512336	0.007805846	0.008109832
8	0.968639226	0.978303384	1.000851071	0.007447402	0.00731598	0.008024758
9	0.971664084	0.976169026	0.996787079	0.008229337	0.00796533	0.008049998
10	0.977786519	0.971887485	0.992571728	0.007406382	0.007051478	0.00813858
11	0.980419395	0.979861714	1.002642778	0.008063478	0.007251498	0.008020607
12	0.974295565	0.977427859	0.994731196	0.007224747	0.007630959	0.00821874
13	0.977393181	0.971561578	0.992756964	0.007567185	0.006950881	0.008139742
14	0.98305957	0.981521819	0.994338829	0.008970263	0.007112364	0.007908476
15	0.979143365	0.974486709	0.993555629	0.007360795	0.007650241	0.007616913
16	0.97196179	0.97716162	0.996601474	0.007551781	0.007358767	0.008619517
17	0.984508832	0.972578683	1.000661837	0.009392628	0.006903708	0.008551783
18	0.981744454	0.973459734	0.99864202	0.007765316	0.007270084	0.007873752
19	0.982121047	0.976236298	0.992141192	0.008576992	0.007049716	0.007928132
20	0.98651405	0.977153781	1.004218031	0.007954227	0.007227866	0.008680397
21	0.983993526	0.973442601	0.994182402	0.008835582	0.007109745	0.008417202
22	0.99325701	0.970753218	0.998612925	0.008887164	0.007201395	0.008301671
23	0.978349869	0.972648901	0.9938267	0.007230892	0.006874596	0.0078313
24	0.989480281	0.973428498	1.002452729	0.009159359	0.007067253	0.008169373
25	0.984810776	0.972034454	0.99370439	0.007429416	0.006877023	0.007477679
26	0.983269156	0.966952621	1.000054773	0.008819849	0.006959703	0.008404813
27	0.986124823	0.976444455	0.993172759	0.009392777	0.006846592	0.00787105
28	0.980716899	0.97192833	1.001372765	0.009465629	0.006467186	0.008292351
29	0.98889248	0.969580144	0.994157892	0.008926919	0.007279292	0.007749025
30	0.992080906	0.975216115	1.002334468	0.010828114	0.007129108	0.008583164